4213630
3358240
4501210
4278330
4027740
3941470
4226250
3471870
4664720
2074470
4729480
4595620
1614550
3118830
4728230
3997970
3398940
4734790
4305960
1525290
4382100
3832210
4396620
3708070
3951810
4636890
2186990
1803550
3966430
3385710
4709200
4712740
4518020
2292160
3983090
4573170
4731620
4394300
4725310
3726250
4333960
4656700
3929830
3219140
4262200
4616930
3221220
3664320
4724800
4712950
4288090
4641520
3878610
4743550
3676840
4050650
3367430
4728660
1578390
4697060
2678070
4725360
4734400
4734220
4019180
4726250
4711990
3907110
4587780
4729900
4726380
2962280
4661220
4707480
4607840
4729300
3688440
4147770
4584110
4165000
4607110
4676280
3910690
3938290
4328400
3898830
4392380
3077760
4174490
3528440
4144510
4183530
4646230
4616780
4032090
4619100
2942780
3865640
1731510
3285960
3388590
4304930
4389010
3200290
3143910
4627630
4352290
4656830
3464520
4727810
4213520
3019270
4717650
2962260
4030830
4349340
2900050
4724620
4034190
3635320
3685360
4462730
4184670
4236080
4657510
4699010
3346670
4313300
4127690
3191530
4564990
3039930
4423120
4315670
4054480
4678520
3584870
4463700
3740010
3353390
3760310
4461920
4567480
4086760
4619290
4500270
4152450
2178990
3522470
4116340
3812320
4684510
4385190
4604120
4515400
3760520
4518080
4628900
4547440
4530360
4296980
4730210
4245820
4264680
2846530
4434050
4705700
4725020
4671700
4710290
3965240
4699480
4424950
4521340
4619700
4481440
4298240
4231020
4454720
3609720
4662580
4642550
574760
4731630
4223630
4204590
3583670
4086340
4302630
3608900
4697290
4710730
4395300
4176190
4576390
4675130
4567050
4639110
4701320
4312800
4447550
4725620
4631430
3266880
4704400
3655670
4704880
4235990
4536970
4620980
4700390
4720860
3269380
4498650
2212680
4101210
4310660
4725320
4725270
4651070
4429950
4654680
3050170
4701820
4644040
555400
4717710
4654150
4634520
2115340
4208890
4674130
4638220
3752560
4125490
1852980
4600690
3032150
4684600
4681810
4654030
4075610
3635830
2345430
3215290
4611070
4673040
1331180
4092730
4045370
4617040
4078360
3621620
2369760
4711390
1925460
3589820
3505230
4640620
4708860
4688240
4506700
4418900
4673420
4358910
2613720
4558660
2995670
4506210
1802370
4404140
4621700
4258760
4626730
4194800
4543800
2872760
2418490
4606500
4515420
4149320
4689630
4053960
3070020
4717480
3382310
2868100
4185080
4630050
4154230
4385580
3742920
3104000
3831700
4549080
3807250
3142840
4550120
3484850
4128990
4630180
2578960
4717260
4381410
4187670
4511980
4159130
3639440
4208520
4291500
3692490
4515660
4685890
4307340
4254560
3711170
4550330
4707120
4707930
4622230
4452480
3972160
4689610
4590750
4231740
4180640
4604320
1875580
3483660
4671590
2776240
4527540
4566450
4618910
3561030
3262100
3263400
3936730
4373690
4600370
4141860
4339340
3421940
4438460
3851470
3908710
4568350
3746080
2820010
4492650
4083060
4218580
4258570
1965980
4693030
4466370
4535600
4008350
4029840
4258770
4752980
4555050
3930360
4147050
3427850
3044510
3304110
4016880
4230130
4694850
3097510
4582380
4687080
4692200
1623770
4381560
3172440
4682430
3783310
3819720
4565790
4394020
4652980
3419850
4192770
1536120
4481620
4515200
1299170
2728840
3766200
2702260
4191130
4515410
2854620
3757430
4643160
3854110
3825740
4406850
3780290
4610170
4457010
2904040
3487240
3524750
3264960
3576580
4012690
4095490
3583210
4642760
4127530
4526260
4702980
3390260
4475740
4720110
3284290
4677820
4079420
3726370
2672700
4581640
2809660
3198890
4686660
4619060
4695220
3061390
4208150
3887090
3226660
4636460
2476650
2827230
4719930
3985000
4525940
4603600
3943690
4645760
4711890
3283310
4307420
4515560
4598370
4431440
2022260
4727350
4592980
4217140
4708620
3985130
4016760
4228900
4111390
3974490
3345810
4380400
4403340
4554410
4659600
4517090
4459820
4415750
3389460
4683280
4398690
3115530
4338480
3695440
4038160
4665070
4709430
4312840
3898090
3922870
4368110
4437600
4443720
4683530
4285180
4057290
4457260
4484420
4535050
4683750
4706510
1116050
3941030
4515430
2090390
3524780
4264260
4530610
4204840
1115990
4698010
4324630
4556620
4445200
3165680
4508620
2866270
2558730
3678970
4714600
4719070
4290980
4189000
1593370
4071280
4042810
4707410
2894540
3959160
2539910
4195160
4702940
3721200
4299670
4658280
4724240
4691650
4111370
4614890
4414950
3210910
1697850
4577130
4571190
4662130
4677360
3832300
3434220
4677590
4716700
2838620
4712660
4312280
2982610
3239940
2597080
3575190
4624780
3070080
2934250
3698230
2081790
2261430
2330110
4691130
4644090
4618890
3115220
2932150
4587980
4710100
4726140
4672860
4176490
4594750
3768760
3830490
254800
254780
254760
4005380
3964500
1475300
3554660
4033080
4665830
4707320
1816640
2665680
4639030
1431750
4710640
4677990
4580380
1805320
2100280
3921670
4004830
4627720
4205020
4539480
2158990
4077960
4718100
4360930
3009300
4178900
4134680
3339860
4681280
3631410
2579620
4713420
4633800
4548960
3892910
3581700
4555900
4348710
4317700
4218480
2317640
1634360
1969810
2529010
3705550
3805000
4425820
4715190
4656240
4296860
4696080
1118520
2980170
4669610
4135750
4279120
3496890
2196350
4438030
4517340
4713700
3746970
4704300
4704190
2839160
3925020
4691370
4694420
3069050
4194550
4627420
4218680
3935260
4646050
4630570
3422460
4667250
4702740
4396680
2241440
2706030
4607190
4662380
4684970
4604180
3063240
4547570
4714670
4703450
4688580
4692360
4663040
4465440
4559290
4704740
3854540
4499570
4682130
4687070
4702360
4273270
4551370
4535380
4582340
4612840
4655240
4557040
4615150
2988140
4590260
4267390
4673590
3789120
4646790
3174500
4237210
4381200
4590640
1148600
2106970
4485920
697540
3542540
4574110
4593770
4474090
4567490
2600960
4162110
4699980
4651870
2878110
1515220
2215200
3996220
4259890
4666970
4011160
4315100
4645130
4333460
2276770
4236370
4696880
4275250
4568640
4077400
4533290
4695010
3198830
4309700
4564790
4699760
1467270
4680510
4447830
3736600
4122870
4683000
3237970
3817710
4369800
4177910
3096350
3840950
4554280
4284570
4030020
4694610
1409840
2600830
4598360
4302160
4698780
4288430
4146180
3691530
4190160
4645780
4511640
4282710
4142570
4503530
4195640
4573080
4539810
4196510
2623580
4658900
3979350
3921090
4520140
2689000
3204770
4639300
4175330
4651360
4709610
4627600
4664530
4177730
4431240
4704310
2097150
4502770
4291070
4170650
4356840
4298890
1089890
3176680
4701700
4595650
4268890
4381000
3900190
3820020
3115240
3049020
3736980
4454160
3349970
4644950
4703150
4280420
3593040
3597390
3949280
2366100
4462280
1823990
4476090
3336240
4704410
3507360
3585520
3216800
2421950
4199860
4551040
4174310
4699660
2532480
2199080
2341100
4561150
3206390
4710140
4566120
3607440
3412160
4704040
1933000
2936190
4558170
4654260
3000970
2728420
4619590
4676290
3255700
2732650
3161220
4678280
4686400
4513420
4492070
4362350
3126340
4279040
3916260
4544240
2111550
4698970
3183170
4175980
4580760
3980800
4542660
2863680
4673800
4467950
3232870
4663660
4691990
4688520
2560100
4337210
3893830
4671640
4449390
4528830
3944190
4677180
2537560
2164660
2824000
3508170
3397120
3508150
3059250
4535670
4552750
4231720
4585260
4228650
4504020
4686280
4610020
4694100
4098870
3047800
4615640
4301540
3651880
3550710
4697430
4290470
1807740
3770700
4646860
4704320
4330860
4651030
4696440
4689590
4669150
2605790
1356120
4258070
3891080
3341000
3123540
4522140
4653650
4019130
4504930
1206070
4705600
4241840
4179280
4389400
4697030
3154610
4300150
2313720
4675970
4259060
4595710
4671940
3118140
4554420
4699200
4683930
4694670
3735680
2223420
4164030
3710470
4416790
4698200
4535880
4282170
4597990
4332080
4581130
4172250
3127750
4123710
4493180
4411940
4441130
4551940
3698470
4704330
4275420
3701910
4643520
4640200
3535360
1828330
3067440
4299590
4307260
4532370
4075590
4640030
4655760
4508350
4691090
3185420
4417950
2383130
3542380
4564900
4701600
4629750
4634300
4615680
4592560
4634910
3735120
4693190
4428260
4619950
4682490
4671490
4278200
4693570
4683240
4601230
4663380
4366380
2483190
4501880
4616180
4559180
3690270
3690260
4670860
4413900
3406840
4165620
4650920
4650930
3630620
4276660
4660950
4181340
3824050
2397510
4386810
4490710
3421660
2393580
3693650
3739620
4196000
4577180
4654140
4655410
4078200
3866920
4637070
4568090
2562020
4579360
3200940
4507620
3962000
4644660
4694350
1551460
4364430
3440280
4445060
4594920
4595030
4693010
4696680
4310110
3369490
4455950
4434680
2955720
4119360
3712250
4669680
4598880
4372880
3878820
4651880
4602470
4565750
4213880
4324620
4281140
4651320
4443800
4578760
4611750
4599890
4584440
4669230
4154250
4628110
4459040
3686400
4503170
4329790
4372240
3933330
4656380
4486310
4223590
4662900
4619670
4642610
4384820
4466620
4686990
4577630
4588370
3255170
4673130
3133650
3990570
4624790
4459140
4620720
4705550
4519280
3460440
4504430
4630110
4223860
4268430
4560920
4380000
4117320
3035960
4290890
4578650
3657180
3987160
3325020
4362760
4539950
3689030
1449700
4621860
4360180
4355340
4686320
3523750
3554150
4396370
4073090
4359120
2590410
4607520
4591720
3602030
3922090
4664970
3826060
4579170
4556720
4639190
4391540
4527970
3708060
1167180
4182000
4341480
2629230
4681200
4663060
4663010
3521220
4541390
3950510
4662430
4628500
4655400
4618090
4591700
3595320
4506500
3895090
4645490
4613260
4629780
3835590
4233080
4672870
4338780
4661560
1409530
3779380
3925420
4590020
4565430
4591390
4674800
4610260
3788120
3161690
4364940
4321500
4553530
4013840
1976540
4650780
3313720
3030190
3181890
3418990
4265120
2899880
3189480
4629400
4586680
4623650
3088070
4420410
4582250
4269950
4052980
4606260
4242770
1583090
3222130
4246790
3808020
4656630
3233260
2369580
3861150
4598300
4379220
4269100
2820850
4377560
4623080
4642060
4617640
4093970
4731150
4431960
4517240
4655250
3859740
4186170
4119820
3169360
3672760
3784300
4580670
4394150
3018360
4478650
4522280
1962700
4288460
3065030
2091020
4573210
3491670
2894100
4517670
4674200
3525620
1829270
4384310
1896760
3529690
4615250
4634070
4405050
4245140
1142050
2523690
3831720
4661860
2706980
4384290
3794400
4653330
4627340
4630290
4543920
1602000
4635850
4671140
4264340
4519240
4388820
4578060
3774440
3928990
4443770
1461910
4490870
3972190
4645330
4676900
2587590
3566380
4588410
4681400
4660760
4414130
2538170
4366360
3703440
4014040
4536040
4293130
4541690
4638460
4673970
4316940
4170400
1395640
4312580
4617700
4639120
3989430
4565080
4581230
3332790
3616260
2945150
4559410
3812750
4653360
1938100
4581410
4555350
4574270
3237640
979110
1020760
2887450
2537470
4293900
4646170
2764320
4533830
4668640
4659280
3930150
4553610
4089670
4637280
4614290
4676970
4674030
4168740
4620320
3686480
4679770
4631050
3296830
2476690
2888380
4619820
4284620
4467530
3628070
4593000
1916590
4258180
4637810
4535300
4521600
4590380
4200560
4461940
4326140
3883870
2995940
4594440
2780120
4622340
4079340
4519530
4036580
3525870
1704840
896010
4389840
4463050
4516130
4382370
4661350
3816180
3157890
2174380
3100370
4449810
1683570
3916340
4461820
4641700
3670740
4643650
1175600
2255370
4214600
3777930
4605360
4387950
4629680
3784760
4628310
2510060
4667540
4314750
2599690
4634980
4610270
4216650
4638860
4474300
2525510
4249620
3174310
4402730
3048930
4390570
4189480
4650900
2660510
3952880
4411610
3458090
4375920
4251310
3982350
4633010
4005430
4614800
4634140
3670630
4465210
2768420
4453130
4631030
4414430
4499530
4599370
4530530
1836660
2127570
2958890
4104160
4577580
4645040
4586000
2650290
2535950
4628440
2681030
4286210
4666780
3774950
4639130
4644080
4660500
4595740
4640320
4627270
4187140
3119700
4593250
4610000
3432650
4659650
4660730
4262070
4612480
3565570
4643380
4536170
3039010
1714400
4611870
3397590
4604570
3437580
4140440
2417710
4436600
3995270
4611380
4566330
4626700
4613680
4500140
3869710
4383060
4626350
4161110
1850200
4524240
4307070
4086860
3894440
3968100
4438380
3582250
4451220
4400640
2269590
2711050
4615810
4619620
4148570
4651000
3770150
3870620
4628600
4182620
3529610
2708580
4480890
4642180
4572730
4491010
3208450
3639010
4623860
2434660
4386250
3176520
4222630
4401400
4523320
4606600
3384540
4498750
2823720
2287130
4016210
3043760
4554660
4479970
4435720
2190920
4337790
4575530
3864610
4617690
4624340
4601520
4306400
4586620
3897520
3737550
4271170
1826420
4602840
3435710
2786440
4351420
4589010
4454170
3441280
3844750
2603930
2474430
4247120
4391420
2448920
4608790
2654490
3228580
3232380
2276500
3161400
2680670
4428090
4527990
2570210
4383040
3536160
3615870
4616540
4545660
4528970
4419800
4499850
4111260
2473350
3144860
4550150
4183230
4407950
4637960
3951350
2582320
3110760
2854480
3667730
4406030
4638110
4193320
2876150
3921790
4271940
4643990
2959770
4655850
4651840
4358340
4282200
4658940
4590920
4452550
4558450
4587790
4481780
4638580
4653000
4621050
4632110
1730520
2822980
4343320
4377710
4586670
4601670
2790870
4625170
4598810
4608160
4641240
3219800
4554750
4593220
1482890
4367320
1512630
2293640
2602010
4630580
4323290
4613730
4139340
4624020
3277880
4353210
2861210
3802470
4597330
3672400
2056200
4591400
3519700
3350750
4017500
3470370
4596150
4235230
4398810
4605380
4534620
4189640
4401160
4625970
3307700
3982800
4577540
4556520
4635530
4072230
4404880
4455420
1679470
4467640
3208910
4489310
4343200
4235390
4118240
4320600
4405030
3588430
1893390
3956750
4474010
4565390
4589350
4591300
4583740
4043720
2423290
4020000
4562200
3816380
380110
3909740
2924980
4614650
3868320
3044790
3546820
4119100
4076870
4446710
4546130
3575650
3256470
4135990
4609830
2722930
3404260
4599650
4583670
4632630
4600980
4610810
2830030
4601460
3742830
2769240
3722510
3169580
4272820
2382670
3363890
4514790
3242950
4635280
3979280
4622350
3298780
4630980
4621210
4645730
3720400
4636670
4621740
4623310
4201710
3692200
3871960
4607320
3449590
4513150
3753590
4606090
4620190
3648730
4587220
4311230
4588730
4531590
3395260
3650350
4260460
4548840
4242060
4314260
3895480
3150460
4570470
2536720
4628980
4486090
4163600
3043690
3634010
4464260
4516890
4508370
3541340
4464510
4187610
3312330
3214480
3537690
3214840
4387230
2964090
3753880
3851500
3921290
4622180
4626470
4303900
4610730
4608400
4589400
4515630
3580340
4255690
4507030
4199940
4615610
4575200
4587380
3050660
4177850
4267030
4265390
4610180
2547740
4035030
3127100
4627300
3889820
4327890
4213110
4328050
4621560
4459090
4453180
4326770
2400080
4565940
4595100
4603130
4415880
3672920
4379590
4531090
4630550
4561750
4589890
4555360
3217060
4543670
4603010
4549750
4303240
3964840
4599440
4434130
4586320
4403390
4568590
4625480
4560770
3861520
4578140
3822220
3774390
4568170
4577120
4351160
4574390
4316050
4545850
3773750
4379390
4557020
4594420
4353460
4561070
3143930
3666880
4456230
4624320
1156430
4385020
3056840
4082740
4591120
2141280
2026820
3892270
1811190
3601800
4527150
3700920
4217180
4588220
4614580
4030160
2483130
4314570
2512450
4482480
4117770
4488780
4097180
4573590
3953070
4060250
4328860
4565400
4454860
3989850
4085700
4134700
4526300
3456620
4258450
4484480
3429890
4195010
4422150
4522690
4453020
4623280
3881830
4149870
3434550
4374730
4239950
4419670
4559050
2960800
2171910
4020010
4408540
4294140
4394290
4607490
4610960
3534130
3997850
4157130
4636010
3509230
3229980
4575390
3903740
4429010
4074780
4315730
2873490
2846800
4620810
3779810
3347870
4291250
4135810
3744080
4437690
4317850
4106220
4614860
4132240
3357630
4563550
4541460
2890910
4538780
3813910
4456730
1494560
4519880
4262410
3307050
4606730
4122310
4365470
4387970
4593300
4518730
4467090
4582100
4320820
3092240
4617070
4585000
4391820
3695470
4459260
4188420
4606740
4592990
4327760
4308110
4128640
3794610
4005300
4598740
4500780
4503360
4394890
4556670
4520630
2377450
4346280
4593520
4258780
4262030
4537000
4322710
4080390
4442530
4153510
4436430
3001640
3948440
3015150
3204620
3092190
4541930
2408870
4393990
3254010
4561710
1943610
3766480
4462780
3725870
3453460
3680380
3940050
4606900
636270
3596700
4485520
3438850
2180950
2779400
2353060
3414580
3713650
2141520
1910150
4426330
3618660
4547370
4108420
4298740
4436980
4320970
3682850
3436940
3961890
4007490
4457020
4072850
4346210
4030320
3627030
4247040
4625990
4604410
2356780
3840230
4035250
4046410
4479070
3870370
1982790
4607000
3534750
2982360
4139880
4263360
4438440
4458410
4450670
2095420
4518320
4197610
4401500
3105440
3388410
2826970
2948680
4602800
3074630
4116460
4106450
4581190
3458810
3003120
4585360
3745020
4562850
4464570
3727440
1646290
1374680
4580560
4595890
4502160
4561770
4604000
4038560
4629790
4310900
4130230
4570050
3618520
3389390
3698510
3924080
2963320
3885590
4263190
3306480
4598620
4619730
4498190
2602430
3645100
4200440
2723430
3966350
2874730
4031690
4285410
3082000
4395180
4148120
4269670
4582780
1765770
4593620
3333250
4117860
4541300
4007300
4408630
1648390
3043950
3976220
3790590
4032540
4520960
3876950
4254840
4125080
4590250
2009220
4610330
2697460
4128010
3472560
4078040
4534550
4531670
4540360
4037010
3752960
2096260
3072470
3967910
2154070
1889810
4615220
4534250
3986690
4025010
1624430
4566060
2522160
4527250
3804290
4385540
4198660
4141950
4276630
1205270
1569420
2604930
4421180
4613750
4264020
4287570
4133450
2904000
4522620
4069940
4565780
4238740
3743420
4598640
4226820
2434290
4388620
4453250
4530880
4614010
2453640
4205010
4509330
4549740
4620480
4336930
4523110
3408440
4153750
3720420
4563450
4608180
3481020
4555100
4624460
3875050
4264810
4324060
3834880
4089640
4333440
895140
1751230
2389170
4458020
3266580
4038550
3764710
4543990
4555540
2256970
4416840
3924610
3619780
4547190
4125300
4393300
4596500
4134530
3342870
4582600
2906260
4219680
4090270
4187000
1371570
3894520
4388190
4302850
3774210
4604750
3797260
3500680
1304280
4321130
1475310
4306740
4601440
3930190
4369430
3941750
4063380
4144990
4505030
4591870
4359350
3002240
4405010
3400960
3760600
3124540
3690030
4553890
3920980
4612960
3661550
4609110
4049970
3541000
3987640
590830
3955300
4498620
2768380
4578880
4579990
4295010
3668640
4593650
3412900
1966410
4526910
4583440
3332600
4031360
4588470
2050380
4504890
2387300
4594110
4580610
3562120
4324440
3618560
3870140
2225480
4195600
3864100
4104120
4205060
4558030
4346480
3656060
3546480
4330640
4597470
4382220
4474120
4258110
3984310
4313280
2431380
4592630
3848750
3795000
3847110
3902280
3385970
3930230
3256150
4532080
4600650
4028490
4597520
4015060
4310700
4094430
4599600
4485760
3892820
4448530
3975340
3634430
3583970
4595550
2873660
2876370
3623530
4219060
2121450
4461800
4596590
2436970
3573410
4283360
3470220
3873560
3896300
4593290
4574320
4045540
4401420
4519560
4265350
3295760
3720880
4606580
4395660
4610110
3810660
4603270
4613610
2177020
4451610
4529170
4600250
4327940
4576620
4463020
4543470
4529010
3433610
4127370
2944960
2944950
2944940
2944920
4083090
3756020
3455080
3886410
4556450
3921630
4542580
4602200
4100420
4456880
4164140
3875820
4523630
4511480
4568800
4273130
4579650
3405160
4335040
1825250
4602100
4505460
1299800
4328690
4263920
3853120
4045930
4530890
3903140
4504390
3812810
4127250
2801290
2926320
3770520
4222370
2362620
4544650
3650140
3622640
2997900
4556150
3511360
4233850
3421840
4271140
3634220
4604090
4324300
3944210
4237200
4596740
3635060
4380870
3903830
3879500
2499130
1429070
4387810
4582160
4381460
3961430
2927510
4558840
4430310
4597510
4493220
4596260
3534690
4155040
3796740
4599620
3458500
3954140
4149700
4506920
1231070
4575580
4558620
4530790
4082900
3368400
4528430
3126200
4279880
4537780
2010010
4124540
3965860
3618030
897160
4349250
3557050
2134530
4517630
4365530
4585900
4531990
3997930
4182770
2536670
2965220
4118190
4014830
3957540
4457060
4549860
4584510
3677140
3863830
3434700
2381570
2804970
4572110
457250
4223840
3048420
4545120
4585960
4118020
4525410
1794240
4413370
3576520
4573020
3732960
4481350
4208640
3941010
4572680
4545110
4556580
4546490
4546580
4574290
4125010
756300
4543520
4155810
4480580
3217900
4216740
4446640
4558500
4072340
3959930
3856280
2916670
4356020
2497150
4592800
4479000
4483550
4317150
854080
3093390
3727930
3894050
4105970
4555180
2914150
4562390
3127770
4581490
3612130
4575860
3126790
3882650
3419820
4179080
4517700
4551520
4542880
4402660
4402650
4289850
2055470
2482940
3274880
4540810
4530640
3962320
4488380
4563570
4597490
4238920
4339660
4582030
4553910
4336370
3164380
3822700
3684440
4576860
1206410
4248020
4593750
1647310
4186360
4262360
2423760
3722180
3365940
4020880
3613280
4545380
2307350
4200280
2840470
4435820
1860560
4559320
3476880
2364580
2759280
4594500
4533810
4383370
4602390
3484940
1165990
4559300
3374460
4508710
4603960
4546290
3708620
4523080
3963490
1059220
4197890
4220430
2808550
4508090
4602960
4126960
4545770
4597060
3371630
4588860
4400600
3831400
2162800
4597170
4542250
3885930
3327820
1756100
2981220
4571260
4571230
4571210
4569110
4568730
4566270
4566530
4567240
2310850
4569530
3449470
1625460
3584860
4565990
3653750
4597480
4458510
4591630
4466990
4581720
3424670
4599920
4093270
3538450
4474150
4158720
4591240
3990960
4453370
4422650
3467540
4047680
3143550
4411100
4106310
3565040
4578620
4590010
4523090
4464350
4523070
2958410
4095020
1652700
4565980
4309180
4383460
4561310
3390880
2864880
3948040
3987250
2819410
2331280
4446490
3428310
4450260
4454450
3488700
4320940
3997370
3646020
4324590
2923610
4406390
3859940
4498840
3165650
4596480
1755080
2659480
4574210
4079990
2678080
4583390
4595670
347660
4530590
4391590
4243850
4395630
2399430
4581580
4395900
4452660
4546840
3517570
3986100
4028110
4547250
3269810
4570100
4189860
3800870
3715920
3745650
4400190
4363170
4513900
4583080
1338430
4504810
3916390
4020020
2967850
4561190
3006090
4589500
4503640
3074210
4590850
4282760
2387560
4588170
4458560
3829510
3744430
4104240
1883920
4078210
3247720
4198450
3265700
4585550
4457110
4440950
4134330
4266460
3292760
3564150
4589880
4002020
4478730
4270660
2393730
4392470
4529960
4590200
4539000
4524180
4546720
4460470
2079480
4491840
4569080
2858880
4549220
4507960
3138230
3020550
3700370
4073110
3661660
4299220
4233380
3985980
4546690
3531800
4353340
4169010
3220670
4259250
2631140
3898810
3897690
4088880
4426190
4275970
4063810
3691420
3048750
3182730
4571050
3268160
3816300
4066390
4424100
2134850
2749590
4554430
4564500
3670580
3719550
3711660
1584680
4581840
4486610
2869590
4528630
4482440
4488180
4553870
1870590
3951340
4224800
4442890
4580730
4566660
1346290
2461440
3612670
3780950
2676030
4413360
4492940
4527900
4527890
4498110
4537590
4536100
3907940
4576600
4531140
4262310
2995260
4244510
4193650
4523160
4506860
2473410
4579730
4580350
4371680
4528620
4080720
3604760
3946110
4357010
4442260
4516860
4239630
3695650
3418100
4216670
4165310
4349720
2313490
4427760
2928450
2086680
4481540
4134350
4549900
4203670
4569900
4549620
4551530
4532710
4209470
2196780
3919690
4440940
4355530
2414310
4131480
4577230
4500970
4526750
4157670
3868620
4547610
4575330
4269480
3906060
4575680
4575650
4226490
4320570
4384120
4304340
4545870
4584120
4584060
4579860
3042580
4353600
4166150
4549760
1469220
4405520
4552360
4545670
3424360
4549030
4541000
2415050
2477650
4523800
4581850
3811540
4157010
3962750
2963240
3755220
4168280
3647620
4449700
3650740
4329120
4390000
3992720
3531490
4364660
4047120
4354930
4523240
2133570
4565280
4180230
1933960
3570060
2438680
4566950
3525320
4221940
2783530
4568780
4257230
4516940
3440060
3358880
4443470
4546400
2826160
4291910
4538450
4272290
2875510
2703760
4463060
3053130
4395390
4395400
4395410
4395380
4395360
4395370
3994900
4400910
4373570
4430480
4395710
4559800
4568470
4248980
3869090
4546950
3975230
4559450
2134390
4516460
4347190
4154200
3357650
4431760
3748140
4521010
4563320
4442340
4101530
4321210
4535700
4416880
4488930
4030660
4548550
4562650
4481130
3890090
4563950
4504100
4495870
2182680
3934290
4307500
4243320
3111030
4450020
4450010
3968460
3716590
2434600
4480400
3119540
2928410
3962020
3642850
2432240
3574760
4053760
3095410
4224620
3814790
4058290
2760560
3094210
2213700
3989120
4236290
4052400
1700270
4483800
4396540
3954440
4184860
4577280
4461250
4560070
4521240
2731370
3966180
1290760
4506570
4040710
3892030
2340130
2416450
2270540
3892700
3624330
4178380
4556900
4210560
3225730
4154940
3937230
4475000
4297290
4579400
3931650
4551050
3974290
4076070
3213890
3905690
3372530
4046240
3612660
4302150
4436270
4489540
3835650
2906070
4462380
3856670
4338560
4556820
4300420
4308330
3381680
2665100
3079160
4235310
4540180
4301790
4567530
3897540
3819000
4078230
3811840
4407510
2308710
3042650
4498290
4512710
2501650
4175140
3644200
4558300
4555750
4529520
4365890
4559880
4104670
4138940
4527930
3165880
4320230
3913270
3995100
4394620
4406380
4459750
4524030
2865350
4414160
3816020
4466390
4017820
4335800
4282480
4541560
1890630
4532020
3319120
3046740
4050800
956710
4344760
4549520
3665430
4528410
4452150
4414980
4159190
4544080
3734230
4232600
3298520
4442400
2974020
4551560
2358900
3800420
4399800
2955630
3784820
3877870
4538930
4548330
3447990
4126480
3967470
4356810
4546050
4203000
4252070
4469420
4572880
4554350
3867700
4161910
3842900
4134670
4163450
3980980
2721340
4101080
1663850
1674200
4389150
4256690
4342720
2230450
1431230
1375750
4005440
2950710
4567280
4117050
4148530
3172570
4118340
4565060
3749330
4522510
4461610
4548150
4544030
3041230
4216140
3251500
4520940
4554930
4255150
3516780
4451730
4282430
4218520
3875180
3700600
4380780
2124050
2840890
1866920
3214190
4539320
4542990
3830560
4560050
4511290
2702740
2889880
1973990
4545170
4223490
3972630
4544780
3223650
4024960
3097240
3027060
3144450
3566120
3130170
4525350
4564280
4280930
4280920
4280900
4280940
4280890
4280870
4280860
3970110
3803180
2778210
3942580
3880600
4203470
3107050
4327510
4555670
2715870
3972320
4567300
3017760
4553840
4537080
1780070
2567200
4478420
3700950
4537170
4566970
4566830
4557100
3959890
4557150
3087930
3052510
4563780
4529490
3728210
4556020
2511210
3519900
4543940
4555090
4526380
4521950
4548070
4514150
2294780
3628540
1871100
4542320
4191760
4325150
4328900
4340120
4340100
4340110
4464620
4540150
2716620
4551030
4532560
4465400
4534350
4056300
3360220
4147340
3011570
4547950
4530430
4551780
4114010
4513050
4521310
4530380
4543090
4542150
4487590
4557510
4335670
4546240
4556000
4515290
4563400
3823420
4540510
4526340
3143290
3517070
3956070
3927580
4513700
3875530
4390050
4535030
4420180
4539160
4444430
3825350
3956030
2927700
3756780
4404860
3695980
2524260
4525680
4545350
3326360
2184030
3703730
4140180
4531300
4140170
4231930
3835810
2738490
4026480
4450640
4551820
4318500
4144220
4310710
3819680
4429830
2996080
3934610
4273870
4287900
3984040
2682380
4003290
1874180
3199360
4402180
4457950
4027560
4254310
4303460
4543590
4246220
4537940
3753070
4529510
4554070
1042320
485850
4174730
4527040
4109630
4066780
4089690
3969150
3600160
4533400
2574970
4538860
4170040
4526310
4275540
4480210
4544520
4549340
4558890
3978480
4540160
821380
4292250
4512620
4515670
4447940
4139720
4509170
4542650
4487310
4510580
4542380
4016670
4444130
1873750
4526640
4550080
4537740
3093580
4529820
4224470
4210630
4207190
4537430
4532540
2646460
4329440
4039040
403620
2647900
4017960
4552340
4508590
4526280
4450800
1593970
4415380
4259800
4148950
4483310
4103940
2860990
4552450
4436710
4447420
4544480
3652940
4179230
4295240
3355100
4550450
4542610
2777680
2283110
2632240
4461330
4461340
4529260
3430260
1924070
1748110
4421830
2873180
2413950
3327590
4325040
2349350
3985310
4339200
4134720
4228880
3894200
4193760
3530820
3823370
3089420
4525850
3565020
1369700
3564670
3181650
2063020
3351550
3167360
3132870
3450120
4480040
4275240
4542340
4537250
4444820
2698420
3803760
4535860
4503630
4529610
4156580
3968980
4491280
4367330
4273240
4161970
3785710
4408410
4548350
4532990
4536720
4544690
4553360
3234720
4546420
4555320
4511460
4152460
4446930
4545400
4351830
4537710
4556250
3535760
4232320
4388920
3275440
4531420
4322160
3780030
3470610
4330380
4259430
3631600
4057600
4406970
2902740
3440580
4461720
2472090
3995530
3353810
4281370
3900720
3993250
3290400
3951680
4421700
3299080
4371070
4457830
4324650
4504950
4350780
3473390
2971960
3915270
1866130
2445840
3892600
2972250
2533920
4086510
2776090
3930110
4521280
639240
4467620
2092840
4378340
3806420
4508990
4423530
3353090
3451680
3962580
3634520
3339330
1344730
3657240
2821110
4275090
4398770
4504710
4499090
4166800
4542220
3866170
4413600
4552350
4480350
3092360
4232250
4480430
2976260
4384170
4282610
4480570
3609660
2850730
4292860
4302050
4480540
4532480
3760080
4428710
2778130
4105140
4444960
2816590
3667390
4482390
3882100
4076090
4532770
4306200
1315180
4460530
4224500
4314310
4519750
3536660
3597900
4151830
3281520
4309240
3548040
4119420
4494400
4503050
2548770
3754530
4542680
1963610
2050710
3914500
4186810
3733160
4359530
2364930
1626170
3357960
4185580
4329840
3448430
3976500
4515080
3864630
4522530
4519430
4542820
4054310
3436130
4508520
3977220
3870120
3938940
4359750
4468470
3779540
4428570
4388030
3969510
4041590
4297130
4032990
4489770
4489800
4372860
4313350
4127630
4287930
4532140
4434300
4421820
4325500
4213990
4530690
4263130
4356500
4420070
4363270
4063950
4079560
3445040
4253660
4428980
4468350
4506990
3789630
2317290
3440840
4284660
4518350
3995480
4566780
4341660
4089180
3761880
3520420
4523810
3692360
3874000
3355940
3847670
2837790
3673050
4463220
4522980
3908930
2425130
4297550
4195030
3447740
2607710
4485770
4516220
4100180
4536980
4542180
4479020
4510980
3776880
4435220
2393970
4510820
4249980
4452300
4172530
1233170
3375230
4525920
4513560
4481490
2777420
4477180
4487300
4533210
3468690
4422770
1159740
3961820
3962450
4536460
4468830
4448930
3990320
4333700
2886580
3655400
2762360
3955660
4444840
4119160
4454830
4219010
3651130
3471820
3818000
4442210
4513160
2643990
1246350
4021740
3748640
4282420
3485300
2797640
4205110
3536950
3091300
2669860
2670810
4492290
1745860
1585100
4130340
4222570
4215780
2593740
4205730
4084470
3643630
4105080
2506530
3145790
3629140
4440510
4523040
4425320
2706020
1124420
4203310
4272970
4187110
4509000
3644140
4130990
4524170
2725350
3587770
3364470
4389250
2843270
4408490
4435710
4538070
4511710
4529360
4531710
4179190
4513520
4533360
2702630
4207590
4475600
4529370
4464540
3927790
3650200
4358930
4536660
4290290
3220060
4438720
3474960
4162370
4458830
3794750
2903630
4315270
4258390
3780390
4296270
4000090
4382290
4375150
3988570
3774410
4155480
4430740
4523140
4286930
4458990
3972650
4391360
2650340
1968720
4524680
4060780
3759680
2384130
4501360
2886320
3951290
4403480
4525840
4142620
4462930
3367520
3644100
3641010
2677480
3081000
3190700
538030
3976950
3980190
2510960
3917020
4391760
3382290
4471060
3905380
1297570
1638070
4230580
3834600
3923820
3711330
4421460
4429700
3810020
2779120
4171840
4264780
4274620
4506190
4092410
2454830
4315230
4328210
4496250
4534790
2177210
4113380
4426590
3579890
1198970
3856460
3161270
3565760
3196180
2569670
3907760
4350820
4066500
4517120
4501820
4456020
4205290
4287090
4108490
3402720
4313030
2436810
4366080
4505250
4520390
2989180
4235490
4321720
4371910
4483170
4505860
4443320
4190490
4521270
4500410
4064410
4293300
4249150
4249120
4249110
4249100
3968690
4482730
3864890
4396300
4440980
4423850
3726110
4116660
4369780
4335450
850860
4364640
4297640
4432520
4420210
4512740
2927710
4173620
4100810
4361000
3074850
3859770
4204310
3138910
4499950
4359880
3687000
3204380
4118410
4373750
3980430
4303420
4415640
4366450
3885820
4486330
3752160
4414400
2958820
4012320
4493190
4518210
3467660
2985280
1759150
3617200
3005260
4513730
1982070
4370290
4169800
4305690
4361900
4490860
4224150
4199360
4513410
4503960
4179090
4513950
4487120
4523770
4426970
3856700
4526920
4511130
4508270
3091000
3439310
4417890
4431130
1737600
3655990
3709820
4479940
4150270
2454750
4450170
4059350
3880150
2587360
4439020
4027270
4387110
4492860
4232050
4332610
4520970
4498860
3044750
4210070
3896890
4271260
4393540
4123140
4113590
4373560
2898840
3028410
3910410
4040140
4380300
4137690
2330930
2781680
3388640
4514100
2104400
3729160
2466900
4456170
4474870
4458590
4165450
3902340
3802180
3961160
4447900
2091150
2387040
4466070
3977020
4307140
3276700
2577010
4019830
1548340
4148810
4171070
4502280
4007420
1002470
4174270
3283730
4303220
3071240
2455360
3970970
3308200
2844440
3647630
4233530
2074630
2529790
4004490
3288210
3763390
3962520
4456720
2658040
3317730
4422360
1697870
4393940
3954580
774291
4191250
4331940
4461640
2451620
1085040
3847250
4232810
3989360
3902520
4243980
4364500
3885420
4152940
4170200
2727540
3784030
4521140
4519190
4471000
4077340
1278420
3969910
3400310
4422760
1380750
4362830
4489360
3872890
4040210
3980490
4445140
2300840
3516450
3933960
4220830
4437060
4126220
4500390
4140340
4500090
4384320
3791830
4223130
3856120
2672070
3808900
3853470
1836560
4395600
4486250
4505110
4522960
3872280
4516710
3435110
3497680
4475930
4461910
2349430
4095190
4305230
4429150
2997840
4462570
4408510
3159640
3451560
4209010
703680
3622010
3788390
4169620
3406690
2973340
3620720
4312210
2585660
3781940
2265990
3972880
4509160
4452050
3976390
3326230
4515890
3608250
995680
3629290
465490
4344480
3738960
4259660
4504460
3817070
4286550
4096750
3493400
4451240
4310470
3214610
4437710
3821960
3612210
3228790
4249930
4466580
4495180
4271160
4451970
4466810
3739830
4501410
3146270
3000370
2756930
4405960
3726190
4458820
3959830
4045440
3720470
4187910
3474710
4300020
3492830
3999360
4354550
2000150
4315220
2579440
4424370
4180100
4288810
4153500
3650770
1281560
4428310
4249750
4326090
2538040
4409760
4512260
3844340
4008370
4478770
4266120
856570
4461190
3071970
3979240
4430910
4289140
4200890
4466100
2456350
4434170
4224900
4376440
4508060
4038720
4211570
4216390
4388130
3446240
4448610
4412850
3670820
3819710
4448670
3586020
4130960
4506630
3628360
4368350
3609320
2526450
4150590
4287670
2376290
3172760
4238220
3597510
2956640
4242830
4020960
4332850
3505630
4238470
4431680
2398360
3747400
4368980
4301130
1663000
3249470
4503300
4055700
4481370
3372950
4349360
4210520
4259170
4488740
3730050
4049000
4263350
4505600
2445590
4490910
3005210
4184530
3976140
4440410
4277840
4486360
4144360
4151290
4499840
4232930
3990760
4277310
3986710
4116620
4499900
4433320
2068080
3967750
3936790
4438100
4415470
3617650
3822650
3833300
4064870
4487540
4280270
4361750
4314800
3049800
4503220
4461710
3835260
4299290
3979250
2646450
3743410
4376460
4503600
3940290
4281460
4161070
4193940
3908280
4177790
4418320
4052860
4173810
4100550
3931060
3391510
3445690
4243690
4452990
3608000
4174570
4504640
4492520
3794770
4350410
4460130
4389530
3750070
3163560
4127840
3547760
4500850
3658310
4059430
3411230
4283720
3109650
3263680
4353490
4293690
4478680
3484030
2943180
4304430
4063020
4474640
2142380
4045350
3847890
4488040
4328070
2257920
4474020
4321940
4238190
3994540
4500350
4453840
3842910
4453560
4488860
4496400
3040880
4017990
4304210
4281640
2721420
3835950
4491220
4205910
3550530
3500390
1488530
3840680
4192650
3408140
2499570
4271690
4392400
4500470
4455480
4485160
3257330
3947980
4372000
4208680
3538730
3907560
4501310
3694040
3962780
4254020
4418940
3774260
3601060
4190180
3852250
2426530
4011790
3878870
3672470
619540
3554630
3962850
4084120
2295940
4006430
4474490
4481280
4239430
3515480
2624870
4323550
2623680
3996590
2731160
4069260
4061620
4390260
3724490
3640300
3229870
4219840
3507930
4243890
3793490
4410230
2543830
3363680
4464760
4244160
491540
3139060
2861070
4214140
2377480
4204940
3243370
4145390
4200480
4302490
4438250
4156150
4347410
3590560
4512130
4171410
2814990
4485980
3180410
4260240
4205900
3252460
3557460
3637660
4074700
4503150
4422750
4481810
4402590
4512010
3802800
3223000
3848090
4420910
3753720
4174380
2948080
4317720
3961470
3823570
4500370
4104910
2774370
3894780
4504630
4195020
4458750
4459470
4370180
4513120
4049390
4360980
3963010
937350
3902490
3978320
4398340
4406480
4332700
4441060
3990270
2284080
1345850
4455850
3321280
4459400
3724910
4207580
3977090
4492150
4296410
4029700
4456300
3944890
4422040
3604980
3447120
4439070
4329490
4428760
4444250
4238230
3788500
4434310
3837760
4483500
4504010
3148210
4507750
4502340
4508850
1120270
2928080
3458180
3941770
4420290
4090330
4488820
4048650
2949120
3996200
4381360
4485690
4263470
4304030
4211360
3929260
4430760
3303200
4158790
4163040
3977960
4159490
4498360
4302400
4071700
3997910
3278870
4307590
4417570
4067320
4353580
3532340
4137770
4459000
3965600
4453160
4370650
1551680
4374440
4365400
4468180
4078670
4370770
3753760
4426980
4309340
4422740
4446670
4087540
4226990
3573800
4352920
4025180
4270940
4469180
4305130
4483840
2302320
4481450
4462370
4040460
4464420
4247580
4248230
3909450
4258830
4397040
4430750
4256320
4421450
3922990
4260450
4411080
3039230
4381590
4018170
2990060
4048500
4038250
4492630
4289510
3289090
3651780
2244030
3237580
4428930
4289560
4018950
4218600
4164940
4487430
4213600
3886730
4443740
4460390
4459680
3947910
4489870
4233060
4382520
4118060
4271110
4042500
4478450
4338130
4483050
3153170
3964420
3589830
4368570
3475770
4225590
3424760
4453760
4304560
4071300
4299760
3772610
4278180
3849320
4223540
4480750
4112690
3723970
4007890
3874220
3993590
3321460
4513010
3437680
4422540
4122120
4430300
3675690
4165060
4376040
2261310
4236110
4175750
4440550
4214220
4433710
4307150
4221240
4410610
1411970
4233400
4086020
4249160
4120050
3632890
4189940
3826370
4075850
598980
4113580
4245260
3280350
4443730
2699280
2488290
4262720
3856180
3843360
4488520
4164840
4324120
4464040
4125740
4033000
4299990
3902510
4274690
4432180
4236830
4463190
4417580
4370270
3882430
4399950
2286890
4467380
4498870
4466610
4408790
4486290
4218330
4368600
3433450
4457870
4489340
1217270
2145460
1929480
4069250
804460
4287370
4471120
4481110
3969080
3157320
1839500
4336560
4345100
1672250
3958640
4382160
4079820
3968340
4074610
4436880
4348290
4256270
3365560
4428660
4288640
3608120
2909270
4240760
1133500
4453290
2892380
3288050
3046300
4123490
4118810
4052960
4136710
3179840
3882520
3989900
2805260
4478760
4481880
4438500
4217930
4456090
1088190
4452220
2789390
3507460
4482360
2867220
3882880
3948120
4265230
4193870
3210450
4475360
4457630
4460180
4434730
4372400
4481630
4466860
4478700
4466900
4486980
4483140
3866140
4434000
4402830
1924670
3260080
3682360
4296280
4223140
4278890
2480020
4352730
4353020
3948770
4129870
4429850
4301370
3763050
4117940
4278710
1593320
4409070
3045100
4072080
3518390
4247070
3539600
4466920
4426310
4450450
3321160
3958600
4160210
4113480
1446900
4298880
3062680
2253100
3796960
4162360
4134090
2105120
3743790
2147380
3936920
3756940
3226210
3103040
3827220
4481550
4335660
4005370
4079410
1029780
1713350
4127590
4169920
3775860
4466240
4179370
3552140
4428790
3799200
4210680
4425750
2942330
2145280
4466690
4300620
4356040
4438560
3975970
4470920
4225490
2523890
4255250
2473820
4185050
4339350
1668970
1544120
3843430
4452320
4464630
4463320
4480190
4483200
4342150
4486320
4466190
2131840
4460550
3682580
4409350
4381950
4278160
4374230
4063630
3968060
4125820
3825300
4448550
3762570
4288990
4407970
4364570
4292790
4192460
2624670
4122700
4365490
4254250
3437850
4457790
4279540
3634690
2960490
4469440
3435260
3530410
3679080
2295120
3474120
3745310
3872000
4329640
1735030
2321780
4476130
3112520
4014290
4288300
4291370
3046020
4454790
3962540
4290220
4442960
4437790
3745390
4481610
3779000
4375780
3376500
3918970
2732800
3816930
2466130
3807220
3691430
4236440
4465690
4457510
3989010
3207080
1863430
4459940
4452690
2480570
3993210
4450610
4455840
4298420
4404220
2864590
3771190
4452770
3332770
4199070
4397530
4455660
4254130
4232200
3952140
4418470
4233970
3241250
2228290
4364210
4202640
3804750
1769360
4429210
3335930
4335060
2521200
4133920
4456210
4246570
4159480
4138160
1945280
4234040
4410220
2691360
3640390
4464910
4460170
1451050
3939970
4169070
4224460
3516860
4345350
3600990
4322400
4475130
4241300
4409680
4292670
4233370
3107480
4450190
4446000
4427300
4338700
4204530
3830700
4203360
3948960
4217860
3586410
3675580
4467410
4416290
4364800
4076950
4256210
4451370
4281340
4311590
3719450
4403670
3605520
3594690
4245410
4415550
4236060
4348810
3955220
4025880
4322100
3327710
4364870
4163290
1187330
3549020
3043570
3395360
3767990
3822260
4323020
2280350
4146430
4468680
4161620
4385950
4376100
4122920
4040680
4319460
4438580
1570490
3269830
4032290
4045750
2457960
1971670
4232850
4467540
4318370
4465030
2843680
4437280
4425500
1358490
4276980
3835670
4241540
3578460
4254860
3599690
4409790
4275190
1589400
4442420
4298830
2531420
3907280
1385290
3863240
3612930
1778050
3597950
4180170
4379670
4300010
4119430
2121930
1545050
4418640
4170020
4417000
3912430
4343640
3862890
4258890
1936530
4072270
4421990
3951570
3249380
3091520
4402150
4222220
4376660
4381580
4000450
4147930
4450240
4456570
4449380
4420500
4221690
4015000
4449050
4454190
4313630
4463550
3886210
4433150
4450730
4343480
4409780
4467010
4464390
4448890
4417530
2162820
3406810
4398750
3495730
4015290
4401560
2436060
4336570
4362600
3069430
3759130
2852190
4175700
3767720
4450160
4158460
3832130
4429260
3437790
3304320
4232190
4400240
3972520
4022040
3923750
4398530
4159950
4385490
3632740
4455790
4333620
3717070
3872080
3963120
4419290
3307710
2523460
3547980
4448100
4008270
3533640
4010910
4410400
4403060
1841050
4428820
4378280
4256930
4238450
2402710
3985760
3954490
4175080
3306990
3555500
2471910
1703500
4286770
3247030
4411800
2833580
4133210
2553660
3902560
3687760
4193930
2507820
2157830
1942110
1869130
4064300
4414450
4362940
3933150
4217230
2159170
3766810
4205450
3922600
4274360
3514090
4433630
1062090
4278170
4390850
3476240
4101200
3876590
4036270
4298390
3445510
4404430
4026410
4025400
1401630
4274010
4248740
2975950
3771950
2849650
2955310
2947280
2867470
1895900
2402630
4177470
4452230
3559960
3874300
4014750
4442070
4162580
4341330
4334550
4424630
3960370
3260990
2874380
4441140
3047370
4435150
3818520
4369560
4141080
3802120
4450210
3341190
4179120
4438300
4028460
4171540
4453440
3096710
4328370
3383100
4438660
3556600
4417720
2806140
2768320
3671590
3909230
2770500
2611140
3920610
4422470
4446590
4306920
3605370
4259240
3934080
1712320
4450710
4455690
4398310
4285370
2814360
3842860
2989140
4374110
2900870
4389510
4109840
3843090
4437380
4425480
4033100
4436530
3702450
3179050
2799170
4135870
4020660
3826970
2487710
4173110
4275270
4231470
4368810
2635050
4368240
1989120
2918310
3161450
4267720
3534760
3954970
3878420
2919070
4350880
3901910
3213800
3926510
3977290
2559020
4102700
4368060
4433790
2835460
4430290
4346310
4308470
4291440
4374570
4446760
2698900
4361660
3997360
4428810
4106550
4211860
4452070
4073230
4459760
4060210
4217880
4009030
4404080
3168640
4290480
4161340
3697230
4352360
4442800
4384610
4450740
4303760
4078500
4242880
4274370
3671850
4316080
3168590
3974110
4070080
1762570
4356270
1997660
3103280
3955230
2103950
2680030
2823250
3441360
3492710
3511520
1657740
2502780
3861610
4200160
4436290
4316010
4001460
3666030
3585460
3796030
4289710
3952070
4250790
4189590
2904930
4048190
4146500
3955080
4413050
3073990
4429480
1562140
4033180
4404130
4302030
2980900
4414080
3508220
3827630
4392310
4396730
4287530
4450330
3831080
4338460
3952000
4331360
4124860
4292190
3224280
4436000
4207240
767320
4271390
3481230
4390210
4087620
4405060
3885540
3854580
3874580
2196220
3726830
2928110
2686910
4196920
4378250
3433900
4133020
4020150
4228420
4412220
4296670
4332360
4274120
2606310
4194790
2463650
3189820
4205830
4165970
4306160
4254660
4286260
3954340
3777700
4411400
2968670
3212290
3496110
3484210
2819600
3041330
4197990
4414660
2200060
4255490
2428920
2886620
3037800
4206270
3057670
3741880
3140180
3333010
4190870
4441720
3975220
4333720
4285470
4014280
4081590
3576870
3887370
3428930
2245620
3913310
4117010
3113600
2832310
4196580
4446810
4452310
3496650
4306460
4077290
3275130
4134230
4053750
4442940
4113630
4357340
4218000
3179460
4398400
4091340
4049090
4031960
4080400
3873140
3994080
3196940
1777200
3993470
4266620
2281890
4057380
4294460
4405950
3684500
3122460
3644550
4375960
3103960
3957780
4360200
4401660
4343350
4302410
4038650
4205190
4298510
4423220
4255080
4416860
4351750
4118710
4432600
4417340
3971670
4315120
3910740
971220
4423680
2671050
3953890
4439570
4435110
4414910
4419480
4393980
4320740
4050310
4084130
3248550
4449340
4443600
4428770
4090840
4227320
4411380
4277760
2834700
4428320
4233940
4226680
3958680
3334580
4353080
4295150
4113220
4426580
3799560
4096480
3588350
4251540
4266190
3840370
3098460
3671910
2162260
4095990
4234390
3444890
4209480
4412280
4285320
4394270
4395640
4301260
4432360
4085560
2001070
4413920
3845420
3290150
3712230
3960220
3867360
3984730
4398440
4173750
4127450
4389600
4130020
2566510
4198650
2885810
3211810
4166710
2276040
4444190
3854890
3866000
3669600
3913990
4385560
4387280
3846650
3802390
2999050
3865240
4240810
2541530
4258800
3648780
3731860
3268150
3482510
2134690
2778610
1889890
3568090
3824740
4144000
4250030
4077780
3338560
3755320
4351960
2542350
4422720
3948820
4345660
3380620
3508510
3920890
4400880
4439510
3616760
4400660
3903600
4350130
4301240
4128860
4042850
4071230
3818350
4090720
2891370
2325180
3650670
4331920
3156820
4414650
4193230
4273730
4338470
3116480
4321330
3946530
3979870
4140020
3779390
2101390
3830600
3029570
4420380
4164270
3561620
4126470
2693230
4287490
3941850
4384760
2063530
4392500
3399780
2789730
4021870
2942950
4181110
4283590
4232670
4265130
2772020
4437350
4397180
2943750
2937170
3891350
2232070
3929370
4440990
3585420
4245220
4386100
4149890
3957430
2849000
4418050
2968290
3399940
4334140
4067420
4414420
3132340
2861590
4292470
2795090
4143830
2489000
3065800
4130120
3992010
2922630
3897800
2868840
4443870
3845450
3529530
2406680
4236330
4291560
3103290
3172700
4415290
4426240
4037120
3787340
4253370
3824640
3052730
3873730
4288360
4318400
3809410
4394740
3498010
2198250
4411060
3920810
2997230
4340810
3446310
3949180
4274960
3166150
2253980
2967670
3398110
3479640
4356450
4043830
2487300
4065930
4429130
4261400
3264920
1450900
2430390
4029350
4210120
3900620
4088140
3795960
3258290
2438240
4112640
3790190
4253860
2996590
3027990
4355090
4307680
1395840
2963600
4356240
3864960
4395880
3790070
4171730
3728380
4407070
4240090
4204880
4195470
4430420
3224670
4360880
3583540
4015160
4288770
4435790
4103420
3668260
3662040
3936250
4390700
2294720
2450140
4128400
4356640
2771590
4188330
4025960
3879070
3927310
4118220
4409430
4249740
4426670
1824090
4332150
3218880
4396660
3734400
4013070
2727890
1828800
2423280
3922140
4344840
4287830
1430330
4224920
3899610
2395770
3301420
2465510
3757020
4316280
3996240
2722780
4409860
4046280
4269770
4395620
4425710
4059320
4343170
2711070
4425860
3803270
2231270
4084170
4343560
4076160
4298210
4200540
4120070
4430780
4266270
3179820
4261800
3968080
4422390
3337070
3735490
4433970
4426850
1820000
4226120
4199440
3619030
4257350
3547960
1365730
4346980
2590110
4390400
3964330
4318680
3898860
2313680
4419830
4353990
4269980
4426210
4180590
3805240
4166570
4091580
3751680
4293700
2758970
3922650
4367260
4281720
4316330
4345710
4136810
2219590
4136410
4054940
4273610
4020250
3924170
4216450
2963800
4216440
1830290
3714400
3934410
4412910
4282020
4426030
4294620
3677070
4182290
2845520
3847630
3931000
4017520
2057760
4362250
4368870
4002540
2133440
4348740
4395830
3729890
3454480
3642440
2715730
4108540
1145910
3747730
3839190
2112740
3865550
2015270
4158870
4047130
4008550
4281680
2697000
4432470
4292050
4125470
4131890
4258440
3833600
3847610
4264070
4421760
3940300
3940240
3940130
3940030
3939560
3939460
3939370
3937600
3937500
3937450
3936960
3934230
3934110
3933950
3933800
3933100
4011110
4238620
3226450
4249380
707710
3871890
4019090
4310100
4265330
3922050
2947110
3453530
4301030
4426510
4304910
2350460
4155000
4423490
4202910
4289020
4432660
4122460
4421490
4406720
4406680
4201580
4383170
4280730
4432880
4398150
3753850
3763170
3961130
4412920
4200720
1661610
4379450
4171090
4240500
4123590
3277010
3394740
3050540
3326100
4224950
2640950
3728540
4204990
4375220
2512380
4345230
3408740
3124920
4160380
4067070
3143540
4154010
4273820
4160010
2091700
4276220
4119950
4366250
3806830
2241760
4293970
3817640
4403840
3049620
3854930
4088570
4247310
3834850
4277730
4025940
3759860
4256070
3622810
4413860
4095520
3411970
4274750
3879840
3705330
3789660
4214720
2447080
3476970
4341750
4401990
3980020
4297760
4371780
4262140
3916830
4408430
4244020
4270500
4016550
4416730
3903590
4413120
4416160
4383630
4179710
3823520
3982990
4406730
4421900
4368150
4153910
4345720
4296930
3788650
3825850
2680040
4292110
4186330
3666990
4073190
4276100
4229460
2717940
3249570
4405780
4205270
3147730
4405770
2721900
4169340
4387240
3689950
3708150
3711250
3711280
4402450
4359060
2978440
3930870
3821100
4063210
4401130
4302900
4392060
3799550
4138200
4402260
4384970
1807360
1591560
3799900
3951870
4364520
3206450
3400640
4363780
1858710
4415920
4397590
4318300
4379880
4364780
4281740
3648260
4260700
3706400
4268840
4238290
4361210
2481980
4012450
3583100
3350240
4371620
4395270
4144560
4316420
4385310
4101940
4115490
4166620
4357080
3959850
2096170
4363030
2887080
4204870
4365500
3355690
1823950
4380100
4387780
4193730
4043010
4135160
3963240
3827370
3616250
3629280
4336710
2050070
1435800
4248670
4293060
4308250
4359840
4239960
4416960
4085150
4149750
1753870
4183370
4437540
4081050
4260770
3509140
3382880
4016000
4359300
4043920
4317450
4158910
3872770
4405170
4186980
2923970
4354190
4396250
4182550
4325590
4403430
4409050
1340140
3240250
2897250
3675840
4413680
4361260
3649910
4393260
3757510
4081160
4388490
4346950
4084500
4224240
4173020
3394610
4380310
3720790
4372110
3684810
3764200
4330590
4139640
3522640
3889480
4125660
4228740
4273050
4065370
3712780
4071590
2331020
3446430
4284360
4400890
2352100
3186770
3710320
4222360
4257240
4119800
3788720
3448830
3941710
4358030
2458830
2179440
4416090
4385520
4368360
3688610
4389870
4363010
4409030
3775740
3680750
3907250
3642420
3639330
4342080
4386110
4138430
3461890
4222580
4007670
3380150
4148850
4205960
3628010
4394200
4069800
3778860
4373380
3777500
4302070
4416900
4161700
4164580
4007140
4212090
4277040
2779800
4261340
4368580
4030180
2743790
2743780
4248890
3720430
4267730
3446940
4331890
3465010
4319350
2916480
3203020
4015100
3430340
1651600
4051520
4266700
3778350
1677970
3984650
4210540
3778160
2553040
4289260
4301570
4145830
3468170
4046260
4404800
4040470
4407470
3936900
3333830
4119960
2641550
4118250
4357490
4411190
4413690
4307440
4404630
4400080
4347200
4386530
4195970
4395480
3489420
4110460
2218150
4209410
3722690
4246230
4388140
2085310
4407080
2519340
1191830
4246500
4014680
4227590
4346550
3431580
4341560
4410870
2461810
3200800
4333780
2990040
4386440
3894570
4398860
4385880
4318960
4406640
4403270
1400660
4410920
4328130
4385300
4235750
4383620
4400120
4400070
4404370
4299770
4358130
4316560
4223000
4212130
3424810
4386080
4406670
4385670
4402920
3369940
690290
4333760
4395910
3459520
4312760
4381230
4339530
4388040
3900650
4395960
4353310
4235320
4397030
4282000
3873370
4193110
4377410
4268390
4261700
4404450
2994150
4106840
4403820
4267820
4378140
4378600
4238360
4201750
4373510
3660580
4172520
4008490
4152970
2533260
2777660
4333840
4372100
4342100
4055210
4081220
3279000
4311740
3830450
4137040
4254090
4266840
4334460
4194930
3802980
1594130
3940940
4366790
4314020
4241520
4364130
3721960
4361380
3733510
4371580
3643690
3907790
4279860
4297730
3768810
3552310
3813810
4160900
4378720
2919760
3304040
3336110
2178380
2250500
2742060
3392840
3831990
3525970
4385660
2276130
3949290
4370410
4264870
3854170
4044510
4075890
4363220
3271720
3504600
4376760
3204320
4029100
4158040
4233310
3938600
4017930
4044210
2652600
3526730
1223220
3726970
4327650
4278260
3405070
3707610
4399850
4385620
4355520
3991700
4281380
4313260
4347140
2423740
3013050
4385800
3344320
4234350
3538800
3150530
4362460
4337170
3166940
3082980
4021440
4136570
4330180
4248660
2984450
4168850
4384880
3955400
4246770
3622230
3107310
3152530
3986810
3754260
3736240
2701440
4373040
4104990
1870460
3290690
3640330
2585890
4341390
4378010
4037300
4294940
2590920
2638250
4069520
4340640
4397120
4277250
1320430
4316880
4139100
4193920
4304840
2511800
3010610
3200120
1904680
4337700
1699480
3348020
4319480
3939400
3775160
4277790
2622690
4314860
3453450
4203680
4238300
3741600
3761920
4311710
3220650
4397160
4368550
4378260
4391180
1656790
4396870
2496310
2067490
3998870
3680870
4382340
2795480
2878580
2214620
3521770
3870330
289710
3196500
4388180
4177430
4359150
3499670
3854090
3602570
1487940
3732370
4299910
4342560
3618960
4136200
4109050
3323800
4203870
4361280
1914600
4323970
4356630
1571570
3166810
4125050
4371390
3819490
4253320
4280710
4315610
4037180
4012120
2559220
4377370
4306840
4391280
3513070
2643390
3941820
2674650
2781470
2510970
4090740
4240550
4317600
4304080
4280550
4395570
4364230
4345240
4376360
4393970
4394030
4383810
3394770
4171020
4313980
4223400
4299830
4302420
2908820
4304270
3596780
4295910
2878760
4346710
3581670
3454890
3013440
4170120
4312480
1822450
4293590
3958160
4336190
4297920
3854940
2968860
4350010
4259020
2714150
3673790
4247560
2059570
4333220
2338990
4195220
3814160
4316710
2510020
3140720
4078790
2804100
3514630
3932140
1583520
4381240
4364820
4134440
2870600
4152090
4066240
2354200
3164960
4326420
3145930
3054690
4243940
3582880
2095260
4381260
3829630
3723530
4216710
3688630
3146140
4127810
4144070
2909570
3673180
4369660
4293990
3465190
4388020
4207570
4385690
4358080
3351800
2495580
3135830
3841430
4307980
4074550
4361240
2644220
2720920
4039080
3758450
1892090
3885910
2622820
4366940
3372460
2116610
3900970
3555520
2720940
2140310
2976690
4342070
3918850
4367730
3362750
4380320
3225940
4386270
4216340
4072110
4202230
3847070
3718740
4372130
4205710
2806800
4253640
4317710
4347550
4381840
4277770
4220390
2199790
4379270
4048820
4189710
2627660
4289380
3229900
4209330
2590730
4315650
4229630
3346520
1351440
3773930
4381820
3627580
4108270
3528300
4352380
3138560
3857700
2441910
3138760
4382450
3458890
4289030
4320080
2910270
4185900
2525880
4200090
4318770
889320
4307210
4382250
4226350
4312900
4028160
4373650
4348940
4257570
2795130
4220490
4378160
2500010
4229260
3711260
893710
2953610
1991110
4376430
3987570
4250240
3837720
2480100
3879180
3341010
4300000
2814790
1284380
4372060
1799520
3209930
3966140
3841010
4021230
3595560
4308150
4355950
4238850
4210000
3800850
4323050
4130970
3924590
3943500
4031120
4199830
4301150
4112140
4109610
4298400
3526340
2547090
4254360
4259100
4219480
3736680
3714270
4149560
4154970
3893900
4222010
3994610
3315490
4253760
4366260
4373120
3179010
4249390
4216400
4324670
1410090
1396870
3520330
4282010
4079490
4240010
4367940
4094670
4262090
4255630
4360820
4333410
3718760
4360620
4088550
2069250
3977380
3389740
4266090
4290460
4342110
4313060
3477220
2608420
2129530
4202400
4296220
3929490
4028810
4363260
3062650
3078950
4338790
4326830
3323650
1274390
4356100
4293620
4331030
1354850
4297340
3559920
4302430
4333100
4370070
4004790
4203300
4264230
3187800
4244050
4189880
4346810
4362640
4341300
4340600
4051460
3535600
3440810
4190440
3879610
4320710
3991300
4216690
4163930
4302270
1580820
4267640
4325570
4249140
4249130
4220820
4172270
4332350
4254960
4363140
4337100
3987150
4330410
4357150
2734270
3937130
4349030
2488540
4082750
4314230
4335920
2944590
3291850
1598230
1843840
4353700
3863920
3900000
3649980
3363040
1434050
4351400
2157710
4301200
4301190
4015810
3982620
3349980
2982340
3643170
2960220
4229670
4367030
4336050
4335890
2510950
3992460
2808560
3499910
3806030
3307120
3441670
4269360
4354780
3894900
4238690
4336060
4126820
4290950
4335910
4347440
4304510
3991890
3994330
4146330
3274320
4348570
4372900
4245770
362800
4367200
3456930
1165560
3779890
2815070
3891510
4353190
3993960
2452130
4353750
2498600
4147690
4040270
4320520
4347170
4291760
4340560
4333770
2536520
4334320
4240440
3719460
2742280
4033710
2067070
3923130
4187540
3330930
4297620
2966320
4243900
4259670
3528200
1702760
4365620
1976120
3933120
2673010
4230270
3687960
3937550
3853910
3301050
2474020
3902600
4359000
4351850
4341080
4352030
4154920
2721210
4064960
757590
3694850
3802850
4342060
4335210
4203480
4170690
4355870
4189870
4250490
4348640
4360070
4251520
3415300
4249770
4319930
3709250
4131470
1097410
4104440
3300800
4354160
4269830
3937710
4253920
4112180
4296400
2070700
3809330
3984840
4330770
4115070
4201270
4337510
1790930
1257710
3644160
3899760
3179880
4251000
4159580
3910660
4207720
4325680
3255890
3050900
4275340
4314930
4273120
4319910
686060
4321730
3814310
2725470
4365210
4297410
4347480
4259350
4266950
2506100
4256440
4366880
4354040
1122360
4337220
4368400
4333320
4345370
3862070
4265070
4260860
4185360
3604510
4267400
4285030
4330100
3898880
4249650
4155700
4275120
4358670
4217080
4258640
3512950
2512160
4055500
4038110
4236100
4286820
4151020
2128580
3926980
2421520
3754180
4291920
4283750
4166030
3009970
3921100
4339040
3318720
3113030
4037560
3734290
4176260
4355120
4066220
4190450
3453890
3093020
4072600
3725630
2918930
3789640
4277210
1867900
4201210
3305970
4313700
4291410
4261780
4182720
3238220
4343660
4293440
3914780
2839180
4338030
4054710
4047430
4330290
4346680
4361410
4357350
4246810
4164670
3727420
3782650
4046440
3884930
4395690
4212210
3935310
3993890
4330250
4320360
4323920
3537460
4236580
3205380
4162530
3812010
4317250
4358200
3675770
4233550
4346530
4256450
4315640
4340290
4379190
4341360
4321180
4301770
4178640
3652080
4204680
3974140
4267250
3929320
4301270
4319010
3920380
4270640
1878670
2616200
4324780
4333930
3823950
4212930
4048690
4096900
4081840
589210
4315620
4286400
3231190
4297940
4252150
4216020
3962270
3614070
4089910
1948300
4327480
4325780
4324310
2934290
3652960
3654880
4342300
4261980
3952460
4167960
4309930
2718020
4175970
4313790
4295570
4336450
3097300
2342870
4313870
2726020
3817240
4077570
4028830
2168230
1766060
2260170
3372850
2376610
4197510
4312690
1712100
3562830
3099190
4292770
1580020
4225060
1851720
2435690
3233940
1067220
3954850
4156700
4277520
3080050
3909710
3233400
4303080
4286130
2782960
2063900
1235930
2294660
4348980
3966890
3540720
4296130
4297170
2908170
4238610
4280320
2883690
4290120
2802540
4296150
4244610
4258550
3875550
4285220
3748390
3452900
2272590
2891940
4340900
4353860
3891910
4302920
4347750
4221390
3959720
4276260
3938950
3681010
4337200
3991290
4226590
3432110
2141620
4359180
4311000
3369610
2437840
4113280
2362050
4346990
4340610
2873060
4323560
3124230
4144230
4310400
3213230
4308360
3770270
4311180
4311240
4266860
2861260
4327720
4268860
3531630
2499860
3484750
4302250
2930270
3975820
3487060
4313450
2408350
3756010
2910310
3119550
4179660
2959010
4226240
2890830
4112340
2432860
4294540
3447920
4336440
1236770
4254720
4325790
3359650
3532360
4326540
4281040
4324380
4096760
4346730
4306210
4306990
1308420
3501430
2559640
4270390
4270800
4267840
4270630
4314560
4311010
4314550
2656490
4225940
4243910
3676490
4122370
2899680
4222860
4283010
4059450
2947650
4292280
4251280
2082260
4195460
3772960
4281470
1455910
3532400
3868860
4086330
1533680
3475220
4255650
4332460
3501070
3580050
3978730
4319210
2925120
2862700
1280060
3763330
4263550
3873660
4114210
3744710
4335290
3884940
4111550
4308980
3951400
4275430
4315240
4258400
1573590
4283230
3009410
4275020
4268580
3521660
3009310
4184290
4006110
4319020
4333640
3003690
4319190
4340880
4320290
4343690
4280380
4333610
4302120
4296720
4343540
4285610
4253350
3219580
4306940
4176280
3667060
3950260
3419290
4313380
3905430
3594590
3129930
3636130
4170170
4288450
3332060
4317370
4274680
4283730
3479170
4295530
3567010
2979290
3834090
4192270
3212630
4315140
4250660
4288350
3609700
4303820
3252360
3246930
4303450
3566870
4310810
3788820
4280100
4269110
4299540
2427790
4316720
2352050
4333340
3892980
3619290
3948100
4305440
4310260
4307790
4123950
4304860
1857080
4252640
3382010
3245970
3305200
3550270
2754090
4311170
4326010
4172360
4309800
4295930
3511390
3097380
4105520
3127570
4267700
4211910
4125930
2784740
3617390
4301380
4246160
3903010
4244270
4308920
4219430
4289840
1933010
3699940
3819640
3216340
4248390
3666300
4002970
4305510
4186440
1219770
4008770
4207640
3789680
4294520
3461060
4295290
2941360
4213400
4261550
3290480
4315280
3548800
3283860
4110410
4303480
3814370
4134300
4301980
4303430
4286230
4310170
4207600
4302910
4254170
4142270
4290160
4317500
4302930
4333820
4322000
2498780
4326570
4272730
4252030
4212200
3727750
3932010
4125800
3926160
3064790
3507830
4315300
4303350
4151150
4103630
4306010
4300340
3342130
3545880
2810700
4123530
4123630
4123670
4123700
4272850
3711180
4185990
3665220
4247720
2891540
3459470
4249890
2624790
4317980
4317970
4271150
1078610
4325670
3567940
4277130
4132080
3623200
4217680
4282640
2758010
4066430
3874370
4237640
3856500
4089600
4247690
4280630
4261820
1813640
3926620
3567360
4279190
4296390
2262790
3948580
3216230
1296880
4300320
4325740
4304610
3665540
2993800
3038090
3775540
3722890
3508730
4201220
4243290
4001240
3854150
4274070
4285230
4263990
2007880
4266650
2871870
3343690
3919360
4324740
4320280
4103090
3566300
4303040
3571480
2994560
4309820
758690
4280960
4269390
4292690
4117390
4152560
2440650
2706440
4291360
2450780
4301320
4211310
3893890
2397300
3310000
3578290
3448850
4265850
3468330
3066100
3866300
4323380
4121070
4276050
4322050
4165010
696220
4150180
3509130
4241430
3931930
4250260
3975740
3640960
4247780
4270680
4233650
4044950
3980630
2918090
2191500
3441420
3511950
4249910
3726380
1401200
4286330
3303010
3722000
2958140
1699950
3795900
3957650
1970030
3465780
4286070
3402940
4151060
3752230
4176360
4271910
4313860
4201020
2730820
4050460
2597400
3719580
4289120
3936350
4123450
4296470
4314000
4324990
4213290
4299850
1769960
4259220
2923000
2005690
3155010
4182380
4190280
3793970
4004500
4267690
4247910
2660240
4059390
2871390
3944020
4223230
4293410
3540590
3871950
4225530
4038370
4303960
3974390
2362060
4319700
3909510
4274270
3427940
4213680
4258500
4272030
3344250
4159730
3264490
3392690
4257320
3265070
4174130
3311670
4160870
3194840
4104510
2496090
4281150
4214290
3370870
1962950
1588550
2508150
4111640
3940090
4310570
3851320
2610650
3718790
4230890
3852060
4160030
3211850
4150950
3907990
2419800
4190850
4194220
2604490
3642000
4311810
3811720
4168110
4287540
3811020
4176930
3959480
3921360
1858810
4246990
4290880
4275700
4302340
4188430
3253620
4313530
4318030
1343350
3421410
3085910
3904450
4000020
4254320
4288920
3278310
342940
2397910
2795540
4266680
3588960
1691020
2347930
2233170
1448190
4309630
2928490
4281400
3610810
3490510
3210490
4266040
3683570
3067930
3588490
1858950
3830470
3565740
4311190
4062200
4213380
4251450
3762790
3261200
4245900
2532830
3649590
3420540
4108290
3030980
2054310
2363180
3907190
2708880
4269140
4263440
3762550
1938110
2058210
4169570
3537950
4275310
4232480
3865130
3829150
4057750
4110850
4069480
3844870
1867110
4119120
4080840
3912440
4173550
4085780
4059500
4287600
4222100
3110980
3110970
3470560
3597890
2612690
4119080
4255340
4136400
4278550
4235940
4038820
3921160
2958900
1281220
4249060
4267340
4302750
4039020
3919190
2644050
3639780
1393620
2204820
3806960
4267330
4087900
3753640
4124910
2339490
3376480
3638670
3622920
3318170
808610
1928030
4266290
3308960
1727590
4178190
3653330
1795190
2896430
4275360
3682060
4301530
4305770
4309870
1452250
4296060
4308620
4234500
4194830
3959590
4239810
3184710
2636110
2168080
3905040
4215800
4111500
2663150
3294170
3745250
4192030
3561040
4258330
3820820
4197270
2201620
2608410
3483330
4297590
3714440
4298020
4122740
3333670
3629200
3949530
3923900
4283810
2352670
3440390
3493430
4276530
4268120
3851220
4254140
2319730
4303010
3871560
1393830
4211110
4016940
4219590
4082580
3655260
2980270
3892240
3906610
4249200
4282590
3412270
3517300
4302480
4299820
4218030
4070990
4282740
4300410
3081690
2473450
4301710
4279140
2859530
4281770
3877200
4133500
3554990
4143750
4138280
2909580
3985950
3636060
2702190
4150960
4239760
3909300
4213730
3575670
3789650
4204360
4274950
3957860
3557190
4252210
4290760
2843520
3398530
3398700
4301090
4193750
4203150
3670610
3192050
3167610
4234710
4271740
4236380
2347390
1287170
2730030
4300280
4299950
4296380
4299860
4300430
3675700
4143380
4210600
3543120
3867230
4169150
3956440
4154810
4072070
4264170
3115850
4272860
3835850
3819910
3026300
3588050
3963520
4103060
3869430
4121410
3973060
3018940
3655790
3874320
1253220
3995830
3957560
4226780
4155290
4142980
3913140
3679190
4280230
1996390
4197430
3504580
3841240
3403660
1602550
3531610
4133830
3890120
2482840
4281080
2413920
2767530
4265220
760640
4264380
4277930
4236930
4179960
3215820
4254880
3786830
4135480
4276190
4295490
4287290
2990710
4289100
4076740
4288930
4243720
3459150
3947470
4272790
4285580
3436750
4161430
4216730
2865300
2516470
4027360
3401870
3981950
4228540
3548390
4260570
3781740
3843700
3111550
4081670
4235890
4235930
2130670
1367710
4250290
3916100
2462440
4268510
3576290
4015590
3828880
2654710
4208460
3958080
3898070
2099680
1670780
3947490
4291950
3134580
4245800
4271920
3445340
3348120
4271510
2088810
4244170
2589050
2720730
3930410
1177580
3833430
4233180
3234100
3876920
2205850
2305640
3725150
4034740
3022380
3851710
4294260
3309130
4245520
1822550
3065120
3446840
2479050
2761820
4255740
2492040
4090420
4209090
4016560
3850610
3155570
2919510
3007900
3424220
3689150
1044410
3485740
3271000
4085370
3337180
4043080
4270080
2344320
3828430
3989920
3174420
2874220
3223510
4203600
4083200
3513030
2922570
4161230
3600440
2429460
4242750
4248250
2709620
3561900
4119610
3934240
1804470
3189770
3838370
2824380
2902430
4277690
4218930
4168600
2956680
2835240
4037820
3910050
3668350
4143620
2977820
1477080
3064590
3010920
3975770
3610380
4266030
4283340
3235920
4106150
4288760
3439430
4291330
3830770
4182030
3561790
3877940
3565900
3139550
3360260
4255480
4276890
3801050
3833240
4272960
3701250
926290
4169040
2553360
4166120
4228250
1031080
4255520
3964600
3920320
4288050
3895710
4138000
2851450
3384020
4080590
4225440
3648400
2923190
3834480
3517910
3165090
4207330
4031220
4055260
4261520
3611900
1532980
4174480
4127340
4157370
1672810
4219690
2835780
4122810
3208260
2266060
4212590
3597060
4031850
4033510
4047980
2832280
3202230
4201810
3430030
3514940
3997390
4244430
4109390
2512870
3090680
4272700
3064810
4281270
3578940
3927780
1638300
4161680
4240280
3939310
4268380
4135910
2678830
2471090
3927530
3916550
3104600
3603550
3171380
3950020
3979790
4244550
3252890
4245760
4100360
4172560
4172550
2875670
3640900
4283320
3103420
4129940
4246830
2017480
1972450
3907920
4279770
3473250
1208410
3562850
3707400
3596670
4040600
3974620
3921420
3048840
2300230
4175370
4220170
3140050
4275130
4114610
3927290
4249940
4259970
3762430
4286440
4282120
3679930
3503880
4263250
4285190
4255920
4252040
4142710
3942480
4053520
4228910
2572100
2648620
3064060
4133110
3841400
4137480
1682470
4217750
4233050
3941130
3610520
3882740
4143370
2527330
1397840
2984810
4250560
4283100
4229100
4255390
3892230
3566920
2926780
4258050
4221100
4252690
4272200
2529000
3721970
3538250
3138520
3903800
3926030
4025700
3356640
3649730
4061530
4244890
2263250
4028050
4268210
3829550
3652250
4260720
4224430
3616970
3187000
3600310
3902430
3296300
3310530
3521990
4212730
3853970
3921510
3899400
3505770
3946490
4078640
4235900
3640550
2642500
2398140
3525060
4081970
4247380
4037450
4154880
3047820
4079730
4179270
4010340
3869660
1667700
3976550
2528950
3825520
1680540
3854430
3396100
2530280
3820430
1597820
3804030
2938920
2133830
4046590
3764490
3603530
3713000
3700760
3658650
4254400
3334520
4223390
1864560
4201770
4219330
3545670
4172410
3459490
4141510
3307610
3538860
3616910
4241270
4225680
4170960
4044170
3349060
3576410
3532280
3832910
3883070
1245220
3958880
1771110
4238280
1776790
3555930
4191830
4280820
3484260
3877630
3894250
3151270
3218630
3067920
1436640
4204600
4177000
4190070
4056660
4096620
4096600
4096580
4164460
3507110
4074770
3523520
2646320
3449630
3316940
3797310
4073740
3639650
2591150
4007690
4259900
1410400
4177070
4065070
1927100
3112470
3894120
4256970
3861010
4043190
2948430
3210260
3911690
3677650
3956740
3879140
1033030
4207170
3544390
4037230
4233330
3900360
4101140
3916300
3700410
2334330
4266360
3430630
2707870
4168430
3426000
4011940
4133410
4260410
4173060
4158820
4281500
3153690
4078450
1897060
4229920
4028070
4233450
4107790
3716100
3342240
3115860
2633550
2941900
2855390
3896200
3940450
2294640
4222760
4220520
4104810
1075880
3073070
1937880
4255720
3667150
3793890
4100740
4008960
4224080
3943210
3400500
4262450
4209560
4207270
3765430
2871140
371580
4128660
4225930
3146610
3991880
3155960
4083230
3690490
4189780
3614160
3606690
1872510
4190050
3810580
4153420
3284790
4243600
2196750
3733940
4274170
3703340
2797960
4079660
3421030
1221480
2428800
3978000
3799470
1847420
3419520
4252840
4136270
4212150
4148730
4115750
4104020
3380960
4238890
3844940
3762300
2827400
3887040
4221210
4224610
2205080
4089810
4224510
3499220
3825780
3760180
4110580
3918980
2842800
4271310
3255490
4130830
4178690
4197410
3216790
3958550
4114990
4273100
2276780
4187020
4228890
4199330
3063790
4005990
4027640
3618390
3600810
4254300
3819420
3816830
4222180
4244140
3835010
4216630
1461130
4262600
2794590
3650860
1063590
4233120
3861770
2894900
4266660
4267970
428910
4140070
3918560
2834880
4230120
3990310
4252950
4209300
4155900
4178370
1907660
3850560
4256820
3867460
4179150
3731580
3418190
4141940
2551050
4177880
4084910
3972580
3878060
4273150
4137210
3197590
4237080
4243920
4168290
1560250
4167840
3312240
3946360
3796760
3900210
4004800
4035450
3863310
4258480
4259560
3199650
3863030
2547320
4018210
3705980
1867080
3726670
3675400
4091470
4140820
4192500
4054760
4089550
4006170
4131900
3576360
4142580
4184990
4244930
3904990
3367030
4260740
3715950
1677100
3903200
3904960
3880360
4260640
2920890
4248860
4120860
4237830
3984540
3887470
4064600
3921110
4174780
2616130
3127240
4256830
4251580
3518830
3353130
4261070
4252060
4154630
4155280
3128530
4187580
4206150
4207790
3880350
2517220
3476510
3910460
4180850
3125410
3766190
1819600
4136740
3590660
2876610
2948530
3053720
4163770
3733970
4254680
2830960
4222750
3873450
1494090
2788520
2421360
1933930
3014090
4179440
4087980
2490900
3478660
4152760
3470080
3691000
4262510
4175620
4261390
3974240
4249660
4070620
4229140
1982480
4137920
3917010
3186790
2532350
4015090
1028510
4149450
4236270
4220370
3030820
3791450
2964690
3915580
4005090
3741860
3796570
3494630
3875660
3993180
4015080
4151560
4171500
2896260
4143780
4263890
4168000
4090940
4168350
2176580
3337660
4093680
4120450
3983390
4016260
2926300
3894660
1916220
3362900
3859750
3987610
3936590
3935220
3591400
4209370
3072540
3953120
3979380
4092030
4166280
3462960
3903540
4009730
4001800
4223530
4247820
4166650
4216540
3929190
3197610
4111440
2741830
4248130
3555860
4037090
4263100
4187820
4165830
4086530
3334280
3766750
1631270
4211240
4232640
3486980
4120590
3883500
4230660
3268440
4241230
3981220
3948140
4098140
2270210
4226750
3679740
2174460
4214970
3313330
3971830
3929200
4241150
4003740
4220160
4152680
4141790
3755740
3969190
3187640
4225150
4176860
3276530
4201060
4003650
3821590
4236220
3857120
4115180
1833200
1176470
3538130
3821510
3895100
4248040
3495000
4254270
4123550
4123580
4027800
3701810
3072760
3811970
4235720
4196670
4159970
4052500
4181870
4268740
4197100
3680350
3325200
4081370
3522550
4042800
4186680
4195630
4213460
4022760
4249780
4241200
4259340
3271300
1247580
3764090
3266950
4085200
3242880
4171080
3454180
4198460
4194010
2127350
4209690
4221140
4127540
3381030
4259770
2618090
4252410
4247670
4220440
4143390
4201920
4191690
4214900
4260870
4211990
4068780
4133030
3789380
2412660
4239120
3782090
4236710
3658370
4234600
2573650
4138170
3732720
4222800
4237070
3294880
4189990
4264350
3844140
4176350
4220840
3748620
3830800
4217440
4004760
4062560
3240950
4083750
3832720
2969590
4059470
4230960
3421100
3314450
2912900
4220180
4187520
3743850
3642180
4217800
4183380
3729180
4241610
3262990
2396010
4138570
4223440
4241940
4130720
3839810
3907520
4037830
4190260
3963630
3445500
3582270
4081480
4127210
3287200
3533360
3767360
4257790
3535330
3985770
2360100
4241560
1645050
4232360
3436650
3220430
2903580
3312430
3242500
2617360
3606340
3292170
3381940
3469470
4240770
4256310
4123780
4164440
3845300
4168670
3925770
3630720
3147170
4051080
4156610
3854060
4035590
4077260
4226540
4219340
3313200
4123570
4123540
4123500
4247480
4221650
3390980
3801030
4022980
3841570
4212920
3370580
4227850
3771660
4234270
4253890
2056430
3884910
4198680
3853020
3838760
2853870
2304730
4178290
4217330
4251650
4164420
4222270
4227450
3273680
3192110
4188270
4112630
4249550
4231380
4248590
3429770
4231540
4227130
4232270
4212030
3726630
4236020
4137570
3740890
3415080
4169230
3409620
4161480
3892090
3252440
4136440
4185870
4242080
4221760
3505600
4135220
3896930
3033970
4211580
1747860
4081960
4081900
4236560
4192970
4237230
3302620
4203910
2885060
3830610
1963370
4000480
4220940
4184680
2239930
3193300
4135730
4230940
4235260
4196740
4197970
3738940
4107970
4240940
4237360
4223720
4177540
2403780
4205780
4056630
3996530
4056610
4056600
4056640
4056590
3863120
3236050
3709950
1316380
3185010
4146230
4147820
2812380
3693720
2606330
2462430
4232680
4227310
3927800
3844490
3894840
2865430
3790060
3637210
4213650
4239610
3970750
4203610
3652200
4222340
3852460
4094440
4234540
4227950
4093890
4140080
4209500
3062450
2483390
4238710
4127140
4192190
4188280
4202250
4221070
3816450
3835910
4221430
4233260
4232770
4244780
4246050
4243930
4188600
3697860
4140370
3632130
4220080
4186430
3773380
3282260
4229270
3855710
3461510
4208950
2305990
4217990
3406910
3783190
4066790
3721790
4185530
3850040
3103640
4228100
4211830
4156050
3918570
1731000
2639980
3518620
3036800
4164890
4187570
3649660
4080610
3294130
4135600
4236610
3962760
3476950
3549730
3916540
4221250
4239980
3458720
3869100
4220670
3254050
4243820
4241890
4241050
3291040
3518990
2983660
4228550
4182160
1374960
2178350
4189580
1423630
4210870
1423050
4203880
3851640
4219030
4062930
3780420
4119310
3947690
2875820
2461360
4221950
4222410
2106170
4000180
3539710
3851780
3897170
4199400
4230400
4233440
3734310
4098810
4231650
4117750
4208480
4240180
4212900
4162300
3542590
4059600
3191860
3461560
3908770
4073530
4214790
3027310
3711650
4150920
3495110
4178780
3859420
3873440
3707750
3735720
3131880
2224580
3789580
4234170
4043890
4072160
3896070
4133950
3618090
3273690
2934620
4229050
4184580
3356360
2065170
4169930
4224740
4203320
3889940
4230980
4235220
4161380
4160020
2753740
4170730
4138820
4221770
3017040
3359410
4062800
4172370
3286000
2234640
3445970
4169220
3840250
3122050
3910110
4198030
3565330
3871180
4232210
3316690
3717840
4214230
3908260
4161370
3789180
2472170
4066560
4159900
4169300
4122180
4211840
1631980
4130810
4160160
3427760
2679310
802160
3747520
4200190
4092670
4066650
3952640
3875890
4035270
3871250
3748780
3166730
2845940
4253970
3377570
2336430
3954780
3127230
4180960
3830240
2483810
4193840
2937090
2575390
3071340
4199750
4195500
3908270
4100660
4099320
2124480
4182480
4194980
4025420
4041240
3686730
3710900
4202130
3322940
4198010
3744100
3773850
4226520
3659080
3816720
4212740
4218410
4218400
3998890
4232170
2559960
3785640
4050980
4204850
3816080
3036630
3612800
4134990
4192330
3670200
3627790
3572850
3502860
4121010
4219930
4083160
4214270
1826650
2937380
2676220
4111630
4222650
4006060
3399040
3294210
4143730
3666940
4124800
4201450
1942500
4222290
1520370
3289060
4128370
3459100
4214110
2460520
4165530
4178030
4211780
2815570
3989640
4214660
3125150
2296000
3809590
4220960
3407360
2964580
3505330
4204190
1810630
2296750
3974270
4190880
4209180
3812620
4164590
3706960
4202920
3961300
3444630
4173740
4045300
4152310
4184320
4212710
3501570
1883000
3903980
4133660
4227580
3728650
1101650
3732620
3022290
2865380
3732580
4192660
4184500
4160540
4188720
4175070
4041630
4193270
4219790
4177260
3837690
3863800
3040610
4049270
3324650
4215050
4180390
4161330
3911230
4155130
3939880
2685850
2248170
2176710
3502390
4113200
3291090
4132200
4134110
4193510
4042660
4253980
4095710
4073160
4187290
2599580
4162630
3697190
4220190
1652400
4212070
4162640
4084060
3600770
3671880
4184540
4189820
4165440
3986870
4207540
2481990
4153470
4178880
4094260
4209110
3836220
4139830
4217660
4221730
4224210
4223690
3761310
4089820
4143350
3991060
3377860
3915610
4037070
3285870
4045140
3295680
3949790
4154110
2108180
3668090
2484680
2699550
3811890
4082510
3576880
2198400
3041550
3105890
3065870
3318490
3854510
3833050
3497310
3624120
3301930
3962200
2576600
4210410
2714970
4218640
3976450
2330060
4113460
3499870
4041940
2787110
4212400
4072610
3983490
2287170
3889600
3540880
3829620
4105670
4216090
2591310
3720460
3540680
4118790
4108990
4219560
3146630
3299100
4211930
4149900
4166750
1596220
4156410
3919840
4198410
4131270
4143610
3767310
3767300
3767290
3767280
3540760
3767270
4116770
3943440
3074840
4210730
2976610
3694270
3844900
4169100
3916370
4200550
3490280
3999060
2725230
4055450
4125150
4202580
995760
4138740
3634960
3818270
4191010
4192250
3518030
4186120
4143670
4017450
3928600
3953500
2664670
3929990
2488470
4192940
4213370
3352240
3503310
3261440
1821550
2192100
3504560
3694480
4172720
4148480
3936260
3353700
3502590
4158660
2986190
3601590
4151310
3869480
3368280
3882780
3953060
3981550
4031820
4034670
3109830
4181800
3971880
4182310
4089490
4146690
4057050
4172150
3554900
3919520
4161550
3914150
4017350
4175730
4218740
4208370
4098220
4123890
3660110
4186480
4212340
4217270
3974520
4191380
4154430
4123920
3667550
4174350
4209570
3386150
3721680
3752950
3560010
3658230
3515710
2659470
3831240
4048550
4056350
3633830
4078260
4107770
3033080
3746230
3421610
4214010
2360530
3783850
3910720
4124170
4071080
4178660
4196200
4032270
4139910
4155250
3928030
4160580
4011780
4201890
3989970
4163430
3603010
2215270
4152080
4064500
3813140
2298240
4090730
2786380
3859690
3856060
607760
3696200
3929970
2776660
3587490
4196290
3981010
3207480
3481800
4089340
3819830
3951260
4034390
4165690
3933710
3892250
2947540
4213940
4141140
3393950
1753140
3985490
3840590
3626760
3565250
4195360
3555960
3931080
3884390
4020680
4191440
2563790
3835610
3429850
3432610
3374340
4141570
4201630
4047200
3797340
2738190
1848490
4175740
4202510
4129530
4054360
4201500
4078290
3563780
4129640
3767740
4050880
3462600
4185520
4195400
4125690
3430720
4207670
3623030
3879850
3241940
3569950
3223370
3669190
3716880
4196950
3475080
4203780
3814530
4203900
3747220
4196660
4210660
2829290
4215840
3104020
3985380
4209630
3530160
4121680
1718460
3966010
3669570
4209810
4211070
4139400
4001120
4046950
4099640
4204540
4153330
2971290
3395760
4053280
3238190
3935250
3617470
2018960
3716090
4126260
3807440
4187940
2356640
3413260
4112660
4204950
4034840
3717340
3717330
1493440
3444650
3431770
4124950
2548500
3703940
4078150
3902740
3811040
4167560
4154590
3791680
3400530
3786760
4181930
4116900
4175950
3989250
3874770
4162050
2906320
4080500
3099330
4007650
3195990
3976560
4186410
3106600
2500720
3867710
3180680
3135260
2155180
4133400
4159590
3792560
4213300
4139810
3998150
